E,<Daa>,Prec_Ratio
9.9999994e-02,0.0000000e+00,0.0000000e+00
1.1318249e-01,0.0000000e+00,0.0000000e+00
1.3361694e-01,0.0000000e+00,0.0000000e+00
1.5774070e-01,0.0000000e+00,0.0000000e+00
1.8621986e-01,0.0000000e+00,0.0000000e+00
2.1984078e-01,0.0000000e+00,0.0000000e+00
2.5953174e-01,0.0000000e+00,0.0000000e+00
3.0000001e-01,0.0000000e+00,0.0000000e+00
3.6170539e-01,0.0000000e+00,0.0000000e+00
4.2700922e-01,0.0000000e+00,0.0000000e+00
5.0410324e-01,0.0000000e+00,0.0000000e+00
5.9511620e-01,0.0000000e+00,0.0000000e+00
7.0256096e-01,0.0000000e+00,0.0000000e+00
8.2940429e-01,0.0000000e+00,0.0000000e+00
1.0000000e+00,0.0000000e+00,0.0000000e+00
1.1318250e+00,1.5268401e-04,7.8829028e-01
1.3361694e+00,6.3891697e-04,9.3078522e-01
1.5774070e+00,3.7515399e-04,8.8120297e-01
1.8621986e+00,3.0392600e-04,8.4879289e-01
2.1984079e+00,2.5215701e-04,8.1349969e-01
2.5953176e+00,3.1894699e-03,9.7934221e-01
3.0000000e+00,4.9496800e-02,9.9853208e-01
3.6170540e+00,5.8939699e-02,9.9864741e-01
4.2700920e+00,5.7248302e-02,9.9848871e-01
5.0410328e+00,5.1521599e-02,9.9817822e-01
5.9511619e+00,4.6489902e-02,9.9781032e-01
7.0256095e+00,4.1080400e-02,9.9731353e-01
8.2940426e+00,3.6242299e-02,9.9670018e-01
1.0000000e+01,3.1849399e-02,9.9589146e-01
1.1318249e+01,2.8953001e-02,9.9520527e-01
1.3361693e+01,2.5356000e-02,9.9407766e-01
1.5774070e+01,2.6876099e-02,9.9395095e-01
1.8621986e+01,2.3589101e-02,9.9255572e-01
2.1984077e+01,1.9751800e-02,9.9041336e-01
2.5953175e+01,1.6668800e-02,9.8776907e-01
3.0000000e+01,1.4165600e-02,9.8467684e-01
3.5416325e+01,1.1626100e-02,9.7999195e-01
4.1810539e+01,9.4304103e-03,9.7365915e-01
4.9359188e+01,7.4998299e-03,9.6480634e-01
5.8270699e+01,5.8590798e-03,9.5245213e-01
6.8791138e+01,4.5135901e-03,9.3542951e-01
8.1210976e+01,3.3923399e-03,9.1130303e-01
1.0000000e+02,2.3347600e-03,8.6904384e-01
1.1318250e+02,1.8457900e-03,8.3567500e-01
1.3361693e+02,1.3428601e-03,7.8176155e-01
1.5774069e+02,9.7392400e-04,7.1819372e-01
1.8621985e+02,7.0631201e-04,6.4801501e-01
2.1984077e+02,5.1237002e-04,5.7508289e-01
2.5953177e+02,3.7097500e-04,5.0296332e-01
3.0000000e+02,2.7369100e-04,4.3955094e-01
3.6170541e+02,1.7550800e-04,3.5776271e-01
4.2700922e+02,1.1873400e-04,2.9636698e-01
5.0410324e+02,7.9897902e-05,2.4397073e-01
5.9511621e+02,5.3342599e-05,1.9963228e-01
7.0256097e+02,3.5329300e-05,1.6250118e-01
8.2940424e+02,2.3112600e-05,1.3138804e-01
1.0000000e+03,1.4256300e-05,1.0310017e-01
1.1559279e+03,9.6946796e-06,8.4962162e-02
1.3646240e+03,6.1741998e-06,6.7752884e-02
1.6109990e+03,3.9186798e-06,5.3939738e-02
1.9018555e+03,2.5629799e-06,4.3588957e-02
2.2452244e+03,1.6695800e-06,3.5160511e-02
2.6505867e+03,1.0900600e-06,2.8397520e-02
3.0000000e+03,7.9777999e-07,2.4286937e-02
3.6940818e+03,4.8006802e-07,1.8832031e-02
4.3610269e+03,3.2674799e-07,1.5531261e-02
5.1483853e+03,2.2318200e-07,1.2831448e-02
6.0778960e+03,1.5334101e-07,1.0631223e-02
7.1752246e+03,1.0777500e-07,8.9075438e-03
8.4706699e+03,7.5897603e-08,7.4689597e-03
1.0000000e+04,5.3922101e-08,6.2883746e-03
