E,<Daa>,Prec_Ratio
9.9999994e-02,0.0000000e+00,0.0000000e+00
1.1318249e-01,0.0000000e+00,0.0000000e+00
1.3361694e-01,0.0000000e+00,0.0000000e+00
1.5774070e-01,0.0000000e+00,0.0000000e+00
1.8621986e-01,0.0000000e+00,0.0000000e+00
2.1984078e-01,0.0000000e+00,0.0000000e+00
2.5953174e-01,0.0000000e+00,0.0000000e+00
3.0000001e-01,0.0000000e+00,0.0000000e+00
3.6170539e-01,0.0000000e+00,0.0000000e+00
4.2700922e-01,0.0000000e+00,0.0000000e+00
5.0410324e-01,0.0000000e+00,0.0000000e+00
5.9511620e-01,0.0000000e+00,0.0000000e+00
7.0256096e-01,0.0000000e+00,0.0000000e+00
8.2940429e-01,0.0000000e+00,0.0000000e+00
1.0000000e+00,0.0000000e+00,0.0000000e+00
1.1318250e+00,0.0000000e+00,0.0000000e+00
1.3361694e+00,0.0000000e+00,0.0000000e+00
1.5774070e+00,0.0000000e+00,0.0000000e+00
1.8621986e+00,0.0000000e+00,0.0000000e+00
2.1984079e+00,4.9995998e-09,6.2934498e-03
2.5953176e+00,2.3573300e-08,1.3133456e-02
3.0000000e+00,8.3983998e-08,2.3865387e-02
3.6170540e+00,7.7464500e-07,6.8414061e-02
4.2700920e+00,2.6494799e-06,1.1973070e-01
5.0410328e+00,1.4665700e-03,9.4088723e-01
5.9511619e+00,1.4535000e-02,9.9304099e-01
7.0256095e+00,2.1985600e-02,9.9499585e-01
8.2940426e+00,2.8118201e-02,9.9575217e-01
1.0000000e+01,3.3594701e-02,9.9610380e-01
1.1318249e+01,3.6087401e-02,9.9614831e-01
1.3361693e+01,3.7646700e-02,9.9600085e-01
1.5774070e+01,3.6989398e-02,9.9559511e-01
1.8621986e+01,3.4256801e-02,9.9485802e-01
2.1984077e+01,2.9940501e-02,9.9364807e-01
2.5953175e+01,2.4748100e-02,9.9171794e-01
3.0000000e+01,2.0071199e-02,9.8912008e-01
3.5416325e+01,1.5083700e-02,9.8448360e-01
4.1810539e+01,1.0847900e-02,9.7699575e-01
4.9359188e+01,7.5108199e-03,9.6485544e-01
5.8270699e+01,5.0373501e-03,9.4525936e-01
6.8791138e+01,3.2932900e-03,9.1422146e-01
8.1210976e+01,2.1173500e-03,8.6724881e-01
1.0000000e+02,1.2019500e-03,7.8101867e-01
1.1318250e+02,8.5617800e-04,7.1593406e-01
1.3361693e+02,5.2091799e-04,6.0988613e-01
1.5774069e+02,2.9600400e-04,4.8826532e-01
1.8621985e+02,1.8047100e-04,3.9043763e-01
2.1984077e+02,1.1372100e-04,3.1226190e-01
2.5953177e+02,7.3011201e-05,2.5006500e-01
3.0000000e+02,5.0170700e-05,2.0645936e-01
3.6170541e+02,3.1108200e-05,1.6135058e-01
4.2700922e+02,2.0497600e-05,1.2996798e-01
5.0410324e+02,1.3565400e-05,1.0490485e-01
5.9511621e+02,9.0500998e-06,8.5040539e-02
7.0256097e+02,5.9852600e-06,6.8688929e-02
8.2940424e+02,3.9777401e-06,5.5657811e-02
1.0000000e+03,2.5213899e-06,4.4053113e-02
1.1559279e+03,1.7661700e-06,3.6729350e-02
1.3646240e+03,1.1799000e-06,2.9910048e-02
1.6109990e+03,7.8833000e-07,2.4374620e-02
1.9018555e+03,5.2998001e-07,1.9936195e-02
2.2452244e+03,3.5835501e-07,1.6360317e-02
2.6505867e+03,2.4131199e-07,1.3402769e-02
3.0000000e+03,1.8095800e-07,1.1593333e-02
3.6940818e+03,1.1269700e-07,9.1329036e-03
4.3610269e+03,7.9035203e-08,7.6373535e-03
5.1483853e+03,5.5122900e-08,6.3677912e-03
6.0778960e+03,3.8925599e-08,5.3404962e-03
7.1752246e+03,2.7399400e-08,4.4689053e-03
8.4706699e+03,1.9573500e-08,3.7643574e-03
1.0000000e+04,1.4021200e-08,3.1713986e-03
