E,<Daa>,Prec_Ratio
9.9999994e-02,0.0000000e+00,0.0000000e+00
1.1318249e-01,0.0000000e+00,0.0000000e+00
1.3361694e-01,0.0000000e+00,0.0000000e+00
1.5774070e-01,0.0000000e+00,0.0000000e+00
1.8621986e-01,0.0000000e+00,0.0000000e+00
2.1984078e-01,0.0000000e+00,0.0000000e+00
2.5953174e-01,0.0000000e+00,0.0000000e+00
3.0000001e-01,0.0000000e+00,0.0000000e+00
3.6170539e-01,0.0000000e+00,0.0000000e+00
4.2700922e-01,0.0000000e+00,0.0000000e+00
5.0410324e-01,0.0000000e+00,0.0000000e+00
5.9511620e-01,0.0000000e+00,0.0000000e+00
7.0256096e-01,0.0000000e+00,0.0000000e+00
8.2940429e-01,3.7176301e-10,0.0000000e+00
1.0000000e+00,1.8076100e-09,4.5891913e-03
1.1318250e+00,4.3046700e-09,6.8923512e-03
1.3361694e+00,1.5438500e-08,1.2536564e-02
1.5774070e+00,6.6275199e-08,2.4864895e-02
1.8621986e+00,3.5030899e-07,5.4444628e-02
2.1984079e+00,1.1088100e-02,9.9441495e-01
2.5953176e+00,2.3254599e-02,9.9709779e-01
3.0000000e+00,2.9058401e-02,9.9750305e-01
3.6170540e+00,3.4771401e-02,9.9771015e-01
4.2700920e+00,3.8082499e-02,9.9773043e-01
5.0410328e+00,3.9377298e-02,9.9761816e-01
5.9511619e+00,3.8610201e-02,9.9736501e-01
7.0256095e+00,3.5925899e-02,9.9692966e-01
8.2940426e+00,3.1803101e-02,9.9624189e-01
1.0000000e+01,2.6219800e-02,9.9501519e-01
1.1318249e+01,2.2401500e-02,9.9381457e-01
1.3361693e+01,1.7558901e-02,9.9147768e-01
1.5774070e+01,1.3329100e-02,9.8790210e-01
1.8621986e+01,9.8609002e-03,9.8243439e-01
2.1984077e+01,7.1545099e-03,9.7411539e-01
2.5953175e+01,5.1218700e-03,9.6160378e-01
3.0000000e+01,3.8004401e-03,9.4589102e-01
3.5416325e+01,2.6914999e-03,9.2057626e-01
4.1810539e+01,1.9072000e-03,8.8551187e-01
4.9359188e+01,1.3568799e-03,8.3929175e-01
5.8270699e+01,9.6248998e-04,7.8040283e-01
6.8791138e+01,6.4020499e-04,6.9851943e-01
8.1210976e+01,4.3327801e-04,6.1050994e-01
1.0000000e+02,2.7028800e-04,5.0194644e-01
1.1318250e+02,2.0268701e-04,4.3980293e-01
1.3361693e+02,1.3844200e-04,3.6526338e-01
1.5774069e+02,9.2331597e-05,2.9782021e-01
1.8621985e+02,6.0976799e-05,2.4047820e-01
2.1984077e+02,3.9116600e-05,1.9092615e-01
2.5953177e+02,2.5184900e-05,1.5153257e-01
3.0000000e+02,1.7598801e-05,1.2531508e-01
3.6170541e+02,1.0785100e-05,9.6789313e-02
4.2700922e+02,7.0323399e-06,7.7255634e-02
5.0410324e+02,4.6199398e-06,6.1941741e-02
5.9511621e+02,3.0224101e-06,4.9611852e-02
7.0256097e+02,1.9663100e-06,3.9671062e-02
8.2940424e+02,1.2713800e-06,3.1660821e-02
1.0000000e+03,7.6634200e-07,2.4405788e-02
1.1559279e+03,5.2037802e-07,2.0016912e-02
1.3646240e+03,3.2919601e-07,1.5848095e-02
1.6109990e+03,2.0661599e-07,1.2506565e-02
1.9018555e+03,1.3063401e-07,9.9104309e-03
2.2452244e+03,8.1775603e-08,7.8158633e-03
2.6505867e+03,5.0123202e-08,6.0981542e-03
3.0000000e+03,3.5105199e-08,5.0885708e-03
3.6940818e+03,1.8952299e-08,3.7138409e-03
4.3610269e+03,1.1708100e-08,2.8956410e-03
5.1483853e+03,7.1828801e-09,0.0000000e+00
6.0778960e+03,4.3780100e-09,0.0000000e+00
7.1752246e+03,2.6518701e-09,0.0000000e+00
8.4706699e+03,1.5960600e-09,0.0000000e+00
1.0000000e+04,9.5427699e-10,0.0000000e+00
