E,<Daa>,Prec_Ratio
9.9999994e-02,0.0000000e+00,0.0000000e+00
1.1318249e-01,0.0000000e+00,0.0000000e+00
1.3361694e-01,0.0000000e+00,0.0000000e+00
1.5774070e-01,0.0000000e+00,0.0000000e+00
1.8621986e-01,0.0000000e+00,0.0000000e+00
2.1984078e-01,0.0000000e+00,0.0000000e+00
2.5953174e-01,0.0000000e+00,0.0000000e+00
3.0000001e-01,0.0000000e+00,0.0000000e+00
3.6170539e-01,0.0000000e+00,0.0000000e+00
4.2700922e-01,0.0000000e+00,0.0000000e+00
5.0410324e-01,0.0000000e+00,0.0000000e+00
5.9511620e-01,0.0000000e+00,0.0000000e+00
7.0256096e-01,0.0000000e+00,0.0000000e+00
8.2940429e-01,0.0000000e+00,0.0000000e+00
1.0000000e+00,1.8231000e-09,4.6090935e-03
1.1318250e+00,8.2295797e-09,9.5393125e-03
1.3361694e+00,3.0105799e-08,1.7493562e-02
1.5774070e+00,1.1583100e-07,3.2808415e-02
1.8621986e+00,5.2008801e-07,6.6133895e-02
2.1984079e+00,2.7975700e-06,1.4401084e-01
2.5953176e+00,4.6189399e-03,9.8561293e-01
3.0000000e+00,1.3989200e-02,9.9483187e-01
3.6170540e+00,2.2351200e-02,9.9644375e-01
4.2700920e+00,2.8682500e-02,9.9698961e-01
5.0410328e+00,3.3959702e-02,9.9723958e-01
5.9511619e+00,3.7485100e-02,9.9728621e-01
7.0256095e+00,3.8922001e-02,9.9716511e-01
8.2940426e+00,3.8028099e-02,9.9685449e-01
1.0000000e+01,3.4471299e-02,9.9620238e-01
1.1318249e+01,3.1023500e-02,9.9552336e-01
1.3361693e+01,2.5636800e-02,9.9414202e-01
1.5774070e+01,2.0099100e-02,9.9193326e-01
1.8621986e+01,1.5014900e-02,9.8837056e-01
2.1984077e+01,1.0744800e-02,9.8256382e-01
2.5953175e+01,7.4107498e-03,9.7303768e-01
3.0000000e+01,5.2262000e-03,9.5986583e-01
3.5416325e+01,3.4268999e-03,9.3617923e-01
4.1810539e+01,2.2107600e-03,8.9913926e-01
4.9359188e+01,1.4125700e-03,8.4433286e-01
5.8270699e+01,8.9883199e-04,7.6951683e-01
6.8791138e+01,5.6779699e-04,6.7607395e-01
8.1210976e+01,3.0178399e-04,5.3909515e-01
1.0000000e+02,1.6137100e-04,4.0797284e-01
1.1318250e+02,1.1532700e-04,3.4621166e-01
1.3361693e+02,7.5316799e-05,2.7863769e-01
1.5774069e+02,5.0107399e-05,2.2502264e-01
1.8621985e+02,3.3744000e-05,1.8227360e-01
2.1984077e+02,2.2898401e-05,1.4799441e-01
2.5953177e+02,1.5605900e-05,1.2036866e-01
3.0000000e+02,1.1179700e-05,1.0057994e-01
3.6170541e+02,7.2654602e-06,7.9812087e-02
4.2700922e+02,4.9461401e-06,6.5004292e-02
5.0410324e+02,3.3548299e-06,5.2909614e-02
5.9511621e+02,2.2647100e-06,4.3018597e-02
7.0256097e+02,1.5201200e-06,3.4922797e-02
8.2940424e+02,1.0139699e-06,2.8297968e-02
1.0000000e+03,6.3731397e-07,2.2267501e-02
1.1559279e+03,4.4206399e-07,1.8455303e-02
1.3646240e+03,2.8890199e-07,1.4848931e-02
1.6109990e+03,1.8754599e-07,1.1915933e-02
1.9018555e+03,1.2097300e-07,9.5365457e-03
2.2452244e+03,7.7576502e-08,7.6118259e-03
2.6505867e+03,4.9481901e-08,6.0587295e-03
3.0000000e+03,3.5265099e-08,5.1002781e-03
3.6940818e+03,1.9858501e-08,3.8035447e-03
4.3610269e+03,1.2514200e-08,2.9972512e-03
5.1483853e+03,7.8655003e-09,0.0000000e+00
6.0778960e+03,4.9365099e-09,0.0000000e+00
7.1752246e+03,3.0951599e-09,0.0000000e+00
8.4706699e+03,1.9402999e-09,0.0000000e+00
1.0000000e+04,1.2184600e-09,0.0000000e+00
