E,<Daa>,Prec_Ratio
9.9999994e-02,0.0000000e+00,0.0000000e+00
1.1318249e-01,0.0000000e+00,0.0000000e+00
1.3361694e-01,0.0000000e+00,0.0000000e+00
1.5774070e-01,0.0000000e+00,0.0000000e+00
1.8621986e-01,0.0000000e+00,0.0000000e+00
2.1984078e-01,0.0000000e+00,0.0000000e+00
2.5953174e-01,0.0000000e+00,0.0000000e+00
3.0000001e-01,0.0000000e+00,0.0000000e+00
3.6170539e-01,0.0000000e+00,0.0000000e+00
4.2700922e-01,0.0000000e+00,0.0000000e+00
5.0410324e-01,0.0000000e+00,0.0000000e+00
5.9511620e-01,3.9433001e-10,0.0000000e+00
7.0256096e-01,1.2960900e-09,4.2384353e-03
8.2940429e-01,4.5886401e-09,7.6931331e-03
1.0000000e+00,2.2448400e-08,1.6240723e-02
1.1318250e+00,7.0668001e-08,2.7868384e-02
1.3361694e+00,3.6198401e-07,6.0021756e-02
1.5774070e+00,6.0837101e-03,9.9140448e-01
1.8621986e+00,1.6253499e-02,9.9648185e-01
2.1984079e+00,2.3656400e-02,9.9737181e-01
2.5953176e+00,3.0362099e-02,9.9777516e-01
3.0000000e+00,3.5348602e-02,9.9794616e-01
3.6170540e+00,3.9648999e-02,9.9799109e-01
4.2700920e+00,4.1068502e-02,9.9789498e-01
5.0410328e+00,3.9923400e-02,9.9765063e-01
5.9511619e+00,3.6468301e-02,9.9721082e-01
7.0256095e+00,3.1411901e-02,9.9649050e-01
8.2940426e+00,2.5561601e-02,9.9532996e-01
1.0000000e+01,1.9016299e-02,9.9314416e-01
1.1318249e+01,1.5116400e-02,9.9086988e-01
1.3361693e+01,1.0709000e-02,9.8612721e-01
1.5774070e+01,7.3177498e-03,9.7825174e-01
1.8621986e+01,4.8566000e-03,9.6517315e-01
2.1984077e+01,3.1527900e-03,9.4371765e-01
2.5953175e+01,2.0174200e-03,9.0959935e-01
3.0000000e+01,1.3575500e-03,8.6579262e-01
3.5416325e+01,8.6140999e-04,7.9688900e-01
4.1810539e+01,5.4830598e-04,7.0930176e-01
4.9359188e+01,2.7396600e-04,5.6105983e-01
5.8270699e+01,1.6652000e-04,4.5212087e-01
6.8791138e+01,1.0770500e-04,3.6586023e-01
8.1210976e+01,7.1847397e-05,2.9689729e-01
1.0000000e+02,4.4513501e-05,2.2970867e-01
1.1318250e+02,3.3760600e-05,1.9750167e-01
1.3361693e+02,2.3537101e-05,1.6182499e-01
1.5774069e+02,1.6483700e-05,1.3277900e-01
1.8621985e+02,1.1592500e-05,1.0915968e-01
2.1984077e+02,8.1340504e-06,8.9681709e-02
2.5953177e+02,5.7018101e-06,7.3704138e-02
3.0000000e+02,4.1899398e-06,6.2220006e-02
3.6170541e+02,2.7790900e-06,4.9758016e-02
4.2700922e+02,1.9265501e-06,4.0826866e-02
5.0410324e+02,1.3195400e-06,3.3349673e-02
5.9511621e+02,8.9502498e-07,2.7151518e-02
7.0256097e+02,6.0860901e-07,2.2165481e-02
8.2940424e+02,4.0467501e-07,1.7919025e-02
1.0000000e+03,2.5433701e-07,1.4089171e-02
1.1559279e+03,1.7618400e-07,1.1662500e-02
1.3646240e+03,1.1528300e-07,9.3823485e-03
1.6109990e+03,7.3813197e-08,7.4704637e-03
1.9018555e+03,4.7468401e-08,5.9623357e-03
2.2452244e+03,2.9881001e-08,4.7061241e-03
2.6505867e+03,1.8916801e-08,3.7212950e-03
3.0000000e+03,1.3278500e-08,3.0987778e-03
3.6940818e+03,7.2525301e-09,0.0000000e+00
4.3610269e+03,4.5338400e-09,0.0000000e+00
5.1483853e+03,2.7777001e-09,0.0000000e+00
6.0778960e+03,1.6952501e-09,0.0000000e+00
7.1752246e+03,1.0323000e-09,0.0000000e+00
8.4706699e+03,6.2771999e-10,0.0000000e+00
1.0000000e+04,3.8214801e-10,0.0000000e+00
