E,<Daa>,Prec_Ratio
9.9999994e-02,0.0000000e+00,0.0000000e+00
1.1318249e-01,0.0000000e+00,0.0000000e+00
1.3361694e-01,0.0000000e+00,0.0000000e+00
1.5774070e-01,0.0000000e+00,0.0000000e+00
1.8621986e-01,0.0000000e+00,0.0000000e+00
2.1984078e-01,0.0000000e+00,0.0000000e+00
2.5953174e-01,0.0000000e+00,0.0000000e+00
3.0000001e-01,0.0000000e+00,0.0000000e+00
3.6170539e-01,0.0000000e+00,0.0000000e+00
4.2700922e-01,0.0000000e+00,0.0000000e+00
5.0410324e-01,2.7392499e-09,6.7263076e-03
5.9511620e-01,5.5626700e-08,2.9016947e-02
7.0256096e-01,1.3679200e-07,4.3497604e-02
8.2940429e-01,2.0296800e-07,5.0739739e-02
1.0000000e+00,3.9987700e-07,6.7671002e-02
1.1318250e+00,9.6411100e-07,1.0096131e-01
1.3361694e+00,5.0383001e-06,2.1407909e-01
1.5774070e+00,1.1320300e-02,9.9535603e-01
1.8621986e+00,2.2876000e-02,9.9749694e-01
2.1984079e+00,2.8812200e-02,9.9784076e-01
2.5953176e+00,3.3024602e-02,9.9795404e-01
3.0000000e+00,3.5428200e-02,9.9795077e-01
3.6170540e+00,3.6551699e-02,9.9782136e-01
4.2700920e+00,3.5603002e-02,9.9757288e-01
5.0410328e+00,3.3015799e-02,9.9716096e-01
5.9511619e+00,2.9215001e-02,9.9652156e-01
7.0256095e+00,2.4749400e-02,9.9555136e-01
8.2940426e+00,2.0158401e-02,9.9408808e-01
1.0000000e+01,1.5359200e-02,9.9153017e-01
1.1318249e+01,1.2576900e-02,9.8905323e-01
1.3361693e+01,9.4335703e-03,9.8429083e-01
1.5774070e+01,6.9568902e-03,9.7715793e-01
1.8621986e+01,5.0732498e-03,9.6659436e-01
2.1984077e+01,3.6789901e-03,9.5124675e-01
2.5953175e+01,2.6663400e-03,9.2954890e-01
3.0000000e+01,2.0174801e-03,9.0414228e-01
3.5416325e+01,1.4725199e-03,8.6642140e-01
4.1810539e+01,1.0811300e-03,8.1885674e-01
4.9359188e+01,7.7125197e-04,7.5611010e-01
5.8270699e+01,5.5468199e-04,6.8477361e-01
6.8791138e+01,4.0245199e-04,6.0925691e-01
8.1210976e+01,2.9421801e-04,5.3412443e-01
1.0000000e+02,2.0040800e-04,4.4612715e-01
1.1318250e+02,1.6001200e-04,3.9865818e-01
1.3361693e+02,1.1861600e-04,3.4144738e-01
1.5774069e+02,8.7885899e-05,2.9126330e-01
1.8621985e+02,6.4935200e-05,2.4756763e-01
2.1984077e+02,4.7674301e-05,2.0954105e-01
2.5953177e+02,3.4642100e-05,1.7639482e-01
3.0000000e+02,2.5923100e-05,1.5095935e-01
3.6170541e+02,1.7435599e-05,1.2218862e-01
4.2700922e+02,1.2112100e-05,1.0073751e-01
5.0410324e+02,8.3753503e-06,8.2930710e-02
5.9511621e+02,5.7761599e-06,6.8248094e-02
7.0256097e+02,3.9813099e-06,5.6207880e-02
8.2940424e+02,2.7406900e-06,4.6312390e-02
1.0000000e+03,1.7786900e-06,3.7066551e-02
1.1559279e+03,1.2894300e-06,3.1424801e-02
1.3646240e+03,8.8252102e-07,2.5892780e-02
1.6109990e+03,6.0472502e-07,2.1362922e-02
1.9018555e+03,4.1843600e-07,1.7722447e-02
2.2452244e+03,2.8870201e-07,1.4688562e-02
2.6505867e+03,2.0376601e-07,1.2317325e-02
3.0000000e+03,1.5533701e-07,1.0741428e-02
3.6940818e+03,1.0080700e-07,8.6367561e-03
4.3610269e+03,7.1799903e-08,7.2779620e-03
5.1483853e+03,5.1314601e-08,6.1423820e-03
6.0778960e+03,3.6956202e-08,5.2022286e-03
7.1752246e+03,2.6640199e-08,4.4055999e-03
8.4706699e+03,1.9186000e-08,3.7260844e-03
1.0000000e+04,1.3703000e-08,3.1340749e-03
