E,<Daa>,Prec_Ratio
9.9999994e-02,0.0000000e+00,0.0000000e+00
1.1318249e-01,0.0000000e+00,0.0000000e+00
1.3361694e-01,0.0000000e+00,0.0000000e+00
1.5774070e-01,0.0000000e+00,0.0000000e+00
1.8621986e-01,0.0000000e+00,0.0000000e+00
2.1984078e-01,0.0000000e+00,0.0000000e+00
2.5953174e-01,0.0000000e+00,0.0000000e+00
3.0000001e-01,0.0000000e+00,0.0000000e+00
3.6170539e-01,0.0000000e+00,0.0000000e+00
4.2700922e-01,0.0000000e+00,0.0000000e+00
5.0410324e-01,0.0000000e+00,0.0000000e+00
5.9511620e-01,0.0000000e+00,0.0000000e+00
7.0256096e-01,0.0000000e+00,0.0000000e+00
8.2940429e-01,0.0000000e+00,0.0000000e+00
1.0000000e+00,3.7875700e-10,0.0000000e+00
1.1318250e+00,9.2707397e-10,3.1614085e-03
1.3361694e+00,3.1724501e-09,5.6696605e-03
1.5774070e+00,1.2388600e-08,1.0776419e-02
1.8621986e+00,5.5603799e-08,2.1869204e-02
2.1984079e+00,2.8179500e-07,4.6949598e-02
2.5953176e+00,4.5924601e-03,9.8553157e-01
3.0000000e+00,1.4049100e-02,9.9485375e-01
3.6170540e+00,2.3057301e-02,9.9655215e-01
4.2700920e+00,2.9921100e-02,9.9711375e-01
5.0410328e+00,3.5543501e-02,9.9736215e-01
5.9511619e+00,3.9481401e-02,9.9742295e-01
7.0256095e+00,4.1043501e-02,9.9731112e-01
8.2940426e+00,4.0060800e-02,9.9701346e-01
1.0000000e+01,3.6187299e-02,9.9638159e-01
1.1318249e+01,3.2403301e-02,9.9571290e-01
1.3361693e+01,2.6576299e-02,9.9434754e-01
1.5774070e+01,2.0627500e-02,9.9213773e-01
1.8621986e+01,1.5221400e-02,9.8852592e-01
2.1984077e+01,1.0739200e-02,9.8255494e-01
2.5953175e+01,7.2966800e-03,9.7263152e-01
3.0000000e+01,5.0707301e-03,9.5870282e-01
3.5416325e+01,3.2702200e-03,9.3339150e-01
4.1810539e+01,2.0717201e-03,8.9332375e-01
4.9359188e+01,1.2991700e-03,8.3371039e-01
5.8270699e+01,8.1166002e-04,7.5271662e-01
6.8791138e+01,4.9290800e-04,6.4896121e-01
8.1210976e+01,2.4669300e-04,5.0001758e-01
1.0000000e+02,1.3117099e-04,3.7357897e-01
1.1318250e+02,9.3543698e-05,3.1559534e-01
1.3361693e+02,6.1113496e-05,2.5323457e-01
1.5774069e+02,4.0679100e-05,2.0412329e-01
1.8621985e+02,2.7475400e-05,1.6532678e-01
2.1984077e+02,1.8599399e-05,1.3393011e-01
2.5953177e+02,1.2614800e-05,1.0858199e-01
3.0000000e+02,9.0289896e-06,9.0637994e-02
3.6170541e+02,5.8406399e-06,7.1716132e-02
4.2700922e+02,3.9642100e-06,5.8298780e-02
5.0410324e+02,2.6622899e-06,4.7203357e-02
5.9511621e+02,1.7899700e-06,3.8291091e-02
7.0256097e+02,1.1824000e-06,3.0831513e-02
8.2940424e+02,7.8226401e-07,2.4875655e-02
1.0000000e+03,4.8304599e-07,1.9398170e-02
1.1559279e+03,3.3047201e-07,1.5964293e-02
1.3646240e+03,2.1343800e-07,1.2766431e-02
1.6109990e+03,1.3670500e-07,1.0173467e-02
1.9018555e+03,8.6204601e-08,8.0474103e-03
2.2452244e+03,5.4105001e-08,6.3510109e-03
2.6505867e+03,3.3995601e-08,5.0129865e-03
3.0000000e+03,2.3627500e-08,4.1627901e-03
3.6940818e+03,1.2968800e-08,3.0560754e-03
4.3610269e+03,8.0114804e-09,0.0000000e+00
5.1483853e+03,4.8795199e-09,0.0000000e+00
6.0778960e+03,2.9489899e-09,0.0000000e+00
7.1752246e+03,1.8105000e-09,0.0000000e+00
8.4706699e+03,1.0954700e-09,0.0000000e+00
1.0000000e+04,6.6192701e-10,0.0000000e+00
