E,<Daa>,Prec_Ratio
9.9999994e-02,0.0000000e+00,0.0000000e+00
1.1318249e-01,0.0000000e+00,0.0000000e+00
1.3361694e-01,0.0000000e+00,0.0000000e+00
1.5774070e-01,0.0000000e+00,0.0000000e+00
1.8621986e-01,0.0000000e+00,0.0000000e+00
2.1984078e-01,0.0000000e+00,0.0000000e+00
2.5953174e-01,0.0000000e+00,0.0000000e+00
3.0000001e-01,0.0000000e+00,0.0000000e+00
3.6170539e-01,0.0000000e+00,0.0000000e+00
4.2700922e-01,0.0000000e+00,0.0000000e+00
5.0410324e-01,0.0000000e+00,0.0000000e+00
5.9511620e-01,0.0000000e+00,0.0000000e+00
7.0256096e-01,0.0000000e+00,0.0000000e+00
8.2940429e-01,0.0000000e+00,0.0000000e+00
1.0000000e+00,0.0000000e+00,0.0000000e+00
1.1318250e+00,0.0000000e+00,0.0000000e+00
1.3361694e+00,0.0000000e+00,0.0000000e+00
1.5774070e+00,0.0000000e+00,0.0000000e+00
1.8621986e+00,4.7491199e-08,9.4314602e-03
2.1984079e+00,2.8047600e-06,6.8613923e-02
2.5953176e+00,1.4499100e-05,1.4646889e-01
3.0000000e+00,2.3386599e-05,1.7777444e-01
3.6170540e+00,3.1709202e-05,1.9648941e-01
4.2700920e+00,9.1094000e-05,3.0768129e-01
5.0410328e+00,2.8820400e-04,4.8399905e-01
5.9511619e+00,7.8681600e-04,6.6413109e-01
7.0256095e+00,3.0011600e-03,8.6121896e-01
8.2940426e+00,5.5546402e-03,9.1200849e-01
1.0000000e+01,7.8356899e-03,9.2984964e-01
1.1318249e+01,9.1722002e-03,9.3580988e-01
1.3361693e+01,1.0788900e-02,9.4047932e-01
1.5774070e+01,1.1997500e-02,9.4192232e-01
1.8621986e+01,1.2846600e-02,9.4135232e-01
2.1984077e+01,1.3264400e-02,9.3880050e-01
2.5953175e+01,1.3266400e-02,9.3430957e-01
3.0000000e+01,1.2935800e-02,9.2857159e-01
3.5416325e+01,1.2259700e-02,9.1976175e-01
4.1810539e+01,1.1348100e-02,9.0821907e-01
4.9359188e+01,1.0293900e-02,8.9356037e-01
5.8270699e+01,9.1812601e-03,8.7540543e-01
6.8791138e+01,8.0695096e-03,8.5331773e-01
8.1210976e+01,7.0177801e-03,8.2721946e-01
1.0000000e+02,5.8149099e-03,7.8858199e-01
1.1318250e+02,5.1667402e-03,7.6245429e-01
1.3361693e+02,4.3949699e-03,7.2458365e-01
1.5774069e+02,3.7130800e-03,6.8339679e-01
1.8621985e+02,3.1204100e-03,6.3985720e-01
2.1984077e+02,2.6023600e-03,5.9438125e-01
2.5953177e+02,2.1577801e-03,5.4830128e-01
3.0000000e+02,1.8177400e-03,5.0772351e-01
3.6170541e+02,1.4427300e-03,4.5616819e-01
4.2700922e+02,1.1601200e-03,4.1138827e-01
5.0410324e+02,9.1638399e-04,3.6740274e-01
5.9511621e+02,7.0796802e-04,3.2438245e-01
7.0256097e+02,5.3586898e-04,2.8338165e-01
8.2940424e+02,3.9578800e-04,2.4452420e-01
1.0000000e+03,2.7244701e-04,2.0378189e-01
1.1559279e+03,2.0162499e-04,1.7583669e-01
1.3646240e+03,1.4212400e-04,1.4806523e-01
1.6109990e+03,9.8835597e-05,1.2380829e-01
1.9018555e+03,6.8629801e-05,1.0340710e-01
2.2452244e+03,4.7933401e-05,8.6586029e-02
2.6505867e+03,3.3171302e-05,7.2158259e-02
3.0000000e+03,2.5436300e-05,6.3258027e-02
3.6940818e+03,1.6258500e-05,5.0659502e-02
4.3610269e+03,1.1472800e-05,4.2603693e-02
5.1483853e+03,8.1208600e-06,3.5879389e-02
6.0778960e+03,5.7944699e-06,3.0333151e-02
7.1752246e+03,4.1618100e-06,2.5725377e-02
8.4706699e+03,2.9901801e-06,2.1818863e-02
1.0000000e+04,2.1557701e-06,1.8535095e-02
