E,<Daa>,Prec_Ratio
9.9999994e-02,0.0000000e+00,0.0000000e+00
1.1318249e-01,0.0000000e+00,0.0000000e+00
1.3361694e-01,0.0000000e+00,0.0000000e+00
1.5774070e-01,0.0000000e+00,0.0000000e+00
1.8621986e-01,0.0000000e+00,0.0000000e+00
2.1984078e-01,0.0000000e+00,0.0000000e+00
2.5953174e-01,0.0000000e+00,0.0000000e+00
3.0000001e-01,0.0000000e+00,0.0000000e+00
3.6170539e-01,0.0000000e+00,0.0000000e+00
4.2700922e-01,0.0000000e+00,0.0000000e+00
5.0410324e-01,0.0000000e+00,0.0000000e+00
5.9511620e-01,0.0000000e+00,0.0000000e+00
7.0256096e-01,0.0000000e+00,0.0000000e+00
8.2940429e-01,0.0000000e+00,0.0000000e+00
1.0000000e+00,0.0000000e+00,0.0000000e+00
1.1318250e+00,0.0000000e+00,0.0000000e+00
1.3361694e+00,5.2909699e-09,7.3339165e-03
1.5774070e+00,2.6047701e-08,1.5618555e-02
1.8621986e+00,9.1413000e-08,2.8000197e-02
2.1984079e+00,3.3817801e-07,5.1373360e-02
2.5953176e+00,1.5024700e-06,1.0248752e-01
3.0000000e+00,7.1248301e-06,2.0859284e-01
3.6170540e+00,1.9840401e-02,9.9599611e-01
4.2700920e+00,2.7399700e-02,9.9684926e-01
5.0410328e+00,3.2582201e-02,9.9712332e-01
5.9511619e+00,3.6250100e-02,9.9719410e-01
7.0256095e+00,3.8131502e-02,9.9710657e-01
8.2940426e+00,3.7991099e-02,9.9685144e-01
1.0000000e+01,3.5534300e-02,9.9631542e-01
1.1318249e+01,3.2810699e-02,9.9576583e-01
1.3361693e+01,2.8275300e-02,9.9468478e-01
1.5774070e+01,2.3302300e-02,9.9303184e-01
1.8621986e+01,1.8451501e-02,9.9050917e-01
2.1984077e+01,1.4115100e-02,9.8665311e-01
2.5953175e+01,1.0494800e-02,9.8075808e-01
3.0000000e+01,7.9549197e-03,9.7314117e-01
3.5416325e+01,5.7021100e-03,9.6030275e-01
4.1810539e+01,4.0421300e-03,9.4128469e-01
4.9359188e+01,2.8481300e-03,9.1389001e-01
5.8270699e+01,2.0029501e-03,8.7593398e-01
6.8791138e+01,1.4104201e-03,8.2594933e-01
8.1210976e+01,9.9698897e-04,7.6410131e-01
1.0000000e+02,6.0198398e-04,6.5884348e-01
1.1318250e+02,4.4796901e-04,5.9186338e-01
1.3361693e+02,3.0444399e-04,5.0441964e-01
1.5774069e+02,2.0829900e-04,4.2401687e-01
1.8621985e+02,1.4269700e-04,3.5285571e-01
2.1984077e+02,9.7188502e-05,2.9097209e-01
2.5953177e+02,6.5364897e-05,2.3760582e-01
3.0000000e+02,4.5498098e-05,1.9718904e-01
3.6170541e+02,2.7648301e-05,1.5251496e-01
4.2700922e+02,1.7561601e-05,1.2062316e-01
5.0410324e+02,1.1183900e-05,9.5501856e-02
5.9511621e+02,7.1316099e-06,7.5682740e-02
7.0256097e+02,4.5495699e-06,6.0024963e-02
8.2940424e+02,2.8992499e-06,4.7617127e-02
1.0000000e+03,1.7395899e-06,3.6660643e-02
1.1559279e+03,1.1683400e-06,2.9923946e-02
1.3646240e+03,7.3823099e-07,2.3693877e-02
1.6109990e+03,4.6508100e-07,1.8745137e-02
1.9018555e+03,2.9209099e-07,1.4814600e-02
2.2452244e+03,1.8285100e-07,1.1693358e-02
2.6505867e+03,1.1415300e-07,9.2185299e-03
3.0000000e+03,8.0167801e-08,7.7120821e-03
3.6940818e+03,4.4146201e-08,5.7034396e-03
4.3610269e+03,2.7372799e-08,4.4742272e-03
5.1483853e+03,1.6950100e-08,3.5014980e-03
6.0778960e+03,1.0486000e-08,0.0000000e+00
7.1752246e+03,6.4841301e-09,0.0000000e+00
8.4706699e+03,4.0109098e-09,0.0000000e+00
1.0000000e+04,2.4829201e-09,0.0000000e+00
