E,<Daa>,Prec_Ratio
9.9999994e-02,0.0000000e+00,0.0000000e+00
1.1318249e-01,0.0000000e+00,0.0000000e+00
1.3361694e-01,0.0000000e+00,0.0000000e+00
1.5774070e-01,0.0000000e+00,0.0000000e+00
1.8621986e-01,0.0000000e+00,0.0000000e+00
2.1984078e-01,0.0000000e+00,0.0000000e+00
2.5953174e-01,0.0000000e+00,0.0000000e+00
3.0000001e-01,0.0000000e+00,0.0000000e+00
3.6170539e-01,0.0000000e+00,0.0000000e+00
4.2700922e-01,0.0000000e+00,0.0000000e+00
5.0410324e-01,0.0000000e+00,0.0000000e+00
5.9511620e-01,0.0000000e+00,0.0000000e+00
7.0256096e-01,0.0000000e+00,0.0000000e+00
8.2940429e-01,0.0000000e+00,0.0000000e+00
1.0000000e+00,1.2912900e-09,3.8674740e-03
1.1318250e+00,8.8376604e-09,9.8858345e-03
1.3361694e+00,3.6665000e-08,1.9298411e-02
1.5774070e+00,1.2775899e-07,3.4442228e-02
1.8621986e+00,4.9095797e-07,6.4286769e-02
2.1984079e+00,2.3207699e-06,1.3163932e-01
2.5953176e+00,8.6684497e-03,9.9226467e-01
3.0000000e+00,2.0761499e-02,9.9650984e-01
3.6170540e+00,2.8600801e-02,9.9721795e-01
4.2700920e+00,3.3522099e-02,9.9742273e-01
5.0410328e+00,3.6842100e-02,9.9745481e-01
5.9511619e+00,3.8252398e-02,9.9734045e-01
7.0256095e+00,3.7673600e-02,9.9707154e-01
8.2940426e+00,3.5231400e-02,9.9660593e-01
1.0000000e+01,3.0782200e-02,9.9574983e-01
1.1318249e+01,2.7247000e-02,9.9490710e-01
1.3361693e+01,2.2286300e-02,9.9326924e-01
1.5774070e+01,1.7543400e-02,9.9077255e-01
1.8621986e+01,1.3365600e-02,9.8696043e-01
2.1984077e+01,9.9155903e-03,9.8114229e-01
2.5953175e+01,7.2081098e-03,9.7230762e-01
3.0000000e+01,5.3918101e-03,9.6103473e-01
3.5416325e+01,3.8332900e-03,9.4242867e-01
4.1810539e+01,2.7128500e-03,9.1572660e-01
4.9359188e+01,1.9186300e-03,8.7884729e-01
5.8270699e+01,1.3601700e-03,8.3037509e-01
6.8791138e+01,9.6741598e-04,7.7016355e-01
8.1210976e+01,6.4785901e-04,6.8820060e-01
1.0000000e+02,3.9980101e-04,5.7853211e-01
1.1318250e+02,3.0244500e-04,5.1465318e-01
1.3361693e+02,2.0931300e-04,4.3488072e-01
1.5774069e+02,1.4508200e-04,3.6372751e-01
1.8621985e+02,1.0004800e-04,3.0146767e-01
2.1984077e+02,6.8201800e-05,2.4750651e-01
2.5953177e+02,4.5626901e-05,2.0090031e-01
3.0000000e+02,3.1463602e-05,1.6558533e-01
3.6170541e+02,1.9194800e-05,1.2799165e-01
4.2700922e+02,1.2411700e-05,1.0194160e-01
5.0410324e+02,8.0344398e-06,8.1262262e-02
5.9511621e+02,5.2019100e-06,6.4825975e-02
7.0256097e+02,3.3624799e-06,5.1716093e-02
8.2940424e+02,2.1677599e-06,4.1242019e-02
1.0000000e+03,1.3157299e-06,3.1920948e-02
1.1559279e+03,8.9088098e-07,2.6154126e-02
1.3646240e+03,5.6762298e-07,2.0789971e-02
1.6109990e+03,3.6035499e-07,1.6507348e-02
1.9018555e+03,2.2779200e-07,1.3085724e-02
2.2452244e+03,1.4345100e-07,1.0357248e-02
2.6505867e+03,9.0034902e-08,8.1848346e-03
3.0000000e+03,6.3463503e-08,6.8581865e-03
3.6940818e+03,3.5136900e-08,5.0824915e-03
4.3610269e+03,2.1873401e-08,3.9918915e-03
5.1483853e+03,1.3593200e-08,3.1257822e-03
6.0778960e+03,8.4381604e-09,0.0000000e+00
7.1752246e+03,5.2357398e-09,0.0000000e+00
8.4706699e+03,3.2494201e-09,0.0000000e+00
1.0000000e+04,2.0184401e-09,0.0000000e+00
