E,<Daa>,Prec_Ratio
9.9999994e-02,0.0000000e+00,0.0000000e+00
1.1318249e-01,0.0000000e+00,0.0000000e+00
1.3361694e-01,0.0000000e+00,0.0000000e+00
1.5774070e-01,0.0000000e+00,0.0000000e+00
1.8621986e-01,0.0000000e+00,0.0000000e+00
2.1984078e-01,0.0000000e+00,0.0000000e+00
2.5953174e-01,0.0000000e+00,0.0000000e+00
3.0000001e-01,0.0000000e+00,0.0000000e+00
3.6170539e-01,0.0000000e+00,0.0000000e+00
4.2700922e-01,0.0000000e+00,0.0000000e+00
5.0410324e-01,0.0000000e+00,0.0000000e+00
5.9511620e-01,1.6224400e-09,4.9536901e-03
7.0256096e-01,1.2916900e-08,1.3458931e-02
8.2940429e-01,5.0394899e-08,2.5444851e-02
1.0000000e+00,2.4782199e-07,5.3473902e-02
1.1318250e+00,8.0055599e-07,9.2222820e-02
1.3361694e+00,4.7210801e-06,2.0765802e-01
1.5774070e+00,6.3329898e-03,9.9173910e-01
1.8621986e+00,1.6198900e-02,9.9647005e-01
2.1984079e+00,2.3089999e-02,9.9730757e-01
2.5953176e+00,2.8891800e-02,9.9766229e-01
3.0000000e+00,3.2994099e-02,9.9780003e-01
3.6170540e+00,3.6470301e-02,9.9781651e-01
4.2700920e+00,3.7425101e-02,9.9769068e-01
5.0410328e+00,3.6258500e-02,9.9741399e-01
5.9511619e+00,3.3206400e-02,9.9693796e-01
7.0256095e+00,2.8800201e-02,9.9617387e-01
8.2940426e+00,2.3720499e-02,9.9496992e-01
1.0000000e+01,1.8000700e-02,9.9276108e-01
1.1318249e+01,1.4548500e-02,9.9051798e-01
1.3361693e+01,1.0578700e-02,9.8595953e-01
1.5774070e+01,7.4466001e-03,9.7861735e-01
1.8621986e+01,5.1078899e-03,9.6681091e-01
2.1984077e+01,3.4395901e-03,9.4808730e-01
2.5953175e+01,2.2914300e-03,9.1925468e-01
3.0000000e+01,1.6013000e-03,8.8307451e-01
3.5416325e+01,1.0619500e-03,8.2654265e-01
4.1810539e+01,7.0618902e-04,7.5357447e-01
4.9359188e+01,4.1744500e-04,6.4405164e-01
5.8270699e+01,2.6563401e-04,5.4093493e-01
6.8791138e+01,1.7582800e-04,4.4936754e-01
8.1210976e+01,1.1927400e-04,3.7136374e-01
1.0000000e+02,7.5086398e-05,2.9195928e-01
1.1318250e+02,5.7548099e-05,2.5318600e-01
1.3361693e+02,4.0594099e-05,2.0940703e-01
1.5774069e+02,2.8840899e-05,1.7352042e-01
1.8621985e+02,2.0601699e-05,1.4406883e-01
2.1984077e+02,1.4752000e-05,1.1976281e-01
2.5953177e+02,1.0570100e-05,9.9641952e-02
3.0000000e+02,7.9198699e-06,8.5019481e-02
3.6170541e+02,5.4502002e-06,6.9322118e-02
4.2700922e+02,3.9096399e-06,5.7902188e-02
5.0410324e+02,2.7982701e-06,4.8379065e-02
5.9511621e+02,2.0003699e-06,4.0456689e-02
7.0256097e+02,1.4274400e-06,3.3850553e-02
8.2940424e+02,1.0151400e-06,2.8314179e-02
1.0000000e+03,6.9120102e-07,2.3184960e-02
1.1559279e+03,5.1239601e-07,1.9863449e-02
1.3646240e+03,3.6475200e-07,1.6679570e-02
1.6109990e+03,2.5933900e-07,1.4009362e-02
1.9018555e+03,1.8513801e-07,1.1798339e-02
2.2452244e+03,1.3268600e-07,9.9607980e-03
2.6505867e+03,9.5161901e-08,8.4152805e-03
3.0000000e+03,7.4580498e-08,7.4374469e-03
3.6940818e+03,4.9592501e-08,6.0478616e-03
4.3610269e+03,3.6014001e-08,5.1412886e-03
5.1483853e+03,2.6161500e-08,4.3693775e-03
6.0778960e+03,1.8945000e-08,3.7047237e-03
7.1752246e+03,1.3659700e-08,3.1306277e-03
8.4706699e+03,9.7474704e-09,0.0000000e+00
1.0000000e+04,6.8806898e-09,0.0000000e+00
